9200
3438
20707
14945
9183
3421
20687
14925
9163
3401
5201
20722
26469
26483
26484
32231
43770
43769
43768
38007
38008
43771
38006
20723
14960
14961
20706
9199
14944
3437
9182
3420
14924
9162
3400
26485
26468
26466
38009
32246
32245
32247
32230
43749
43750
43751
37989
20704
20703
20705
20702
14942
14943
14941
9181
9180
9179
3417
3418
26465
26467
26464
37987
37988
37990
32227
32226
32228
32225
43728
3419
9161
3399
20016
20680
20682
20683
14918
14254
14921
14920
8492
26444
26442
26441
43061
43727
43064
37965
37302
37966
31540
32206
32203
9159
9158
2733
2730
3397
3396
20021
8496
20024
20023
20022
2734
25778
25786
25785
32204
43073
43072
43071
37311
37310
37309
37308
31549
14261
14259
14260
8497
8498
8499
2737
2736
2735
14278
8516
2754
25784
25783
25803
31548
31547
31546
31565
43093
43090
43092
43091
20041
14279
8517
20042
20043
2755
14280
14281
8518
2756
2731
20039
25804
25806
25805
37328
37331
37330
37329
31566
31568
31567
37344
31582
14277
8515
2753
20058
14296
8534
2772
20059
14297
20060
8535
2773
25820
25821
25822
43107
37345
43108
31583
43109
37346
37347
31584
31585
